t -176 148 200 1
t -236 184 200 1
t -249 236 200 1
t -226 282 200 1
t -185 304 200 1
t -129 304 200 1
t -88 276 200 1
t -62 231 200 1
t -70 185 200 1
t -103 161 200 1
t -157 148 200 1
t -162 -24 200 1
t -215 -31 200 1
t -249 -66 200 1
t -260 -111 200 1
t -250 -156 200 1
t -224 -190 200 1
t -171 -206 200 1
t -103 -208 200 1
t -48 -158 200 1
t -33 -97 200 1
t -69 -47 200 1
t -136 -25 200 1
t 151 -34 200 1
t 109 -58 200 1
t 87 -102 200 1
t 94 -170 200 1
t 147 -206 200 1
t 206 -222 200 1
t 264 -197 200 1
t 293 -144 200 1
t 289 -88 200 1
t 252 -54 200 1
t 184 -28 200 1
t 184 161 200 1
t 237 178 200 1
t 271 221 200 1
t 274 270 200 1
t 225 307 200 1
t 167 322 200 1
t 105 303 200 1
t 86 260 200 1
t 106 209 200 1
t 159 173 200 1
t -123 149 200 1
