t -177 209 200 1
t -177 132 400 1
t -261 209 255 1 -1.0 63.0
t -173 299 255 1 56.0 1.0
t -96 206 255 1 -4.0 -61.0
t -174 132 255 1
t -182 -165 400 1
t -84 -167 251 1 1.0 1.0
t -102 -215 251 1 -17.0 -19.0
t -180 -246 251 1 -52.0 3.0
t -269 -155 251 1 -1.0 55.0
t -178 -83 251 1
t -107 -112 251 1 21.0 -24.0
t -80 -162 251 1
t 181 -169 400 1
t 178 -79 251 1
t 211 -83 251 1 24.0 -7.0
t 275 -167 251 1 -1.0 -63.0
t 184 -258 251 1 -51.0 -1.0
t 88 -167 251 1 -1.0 46.0
t 133 -91 251 1 22.0 13.0
t 174 -79 251 1
t 169 218 400 1
t 81 221 251 1
t 85 249 251 1 2.0 18.0
t 166 306 251 1 49.0 0.0
t 260 220 251 1 0.0 -49.0
t 170 144 251 1 -52.0 -1.0
t 88 193 251 1 -10.0 23.0
t 80 215 251 1
t -1 3 400 1
