t 325 244 251 1 5.0 -24.0
t 254 238 201 1 -18.0 47.0
t 308 290 201 1
t 279 249 201 1 15.0 -31.0
t 323 234 201 1
t 161 202 252 1 -16.0 -15.0
t 154 237 400 1 39.0 -16.0
t 122 218 400 1 -30.0 31.0
t 78 272 251 1 -11.0 16.0
t 99 316 397 1 23.0 -31.0
t 46 287 397 1 -18.0 7.0
t -52 299 249 1 -15.0 8.0
t -57 328 397 1 31.0 -3.0
t -75 305 397 1 -26.0 1.0
t -97 310 252 1 -15.0 -2.0
t -108 342 399 1 43.0 -3.0
t -135 315 399 1 -21.0 2.0
t -176 317 248 1 -23.0 2.0
t -188 341 399 1 34.0 -1.0
t -203 319 399 1 -22.0 0.0
t -254 305 251 1 -18.0 -5.0
t -286 335 394 1 39.0 10.0
t -275 288 394 1 0.0 -24.0
t -213 241 251 1 30.0 -20.0
t -177 273 397 1 -35.0 20.0
t -183 223 397 1 32.0 -14.0
t -138 173 248 1 16.0 -27.0
t -108 177 400 1 -19.0 21.0
t -128 148 400 1 20.0 -21.0
t -80 88 249 1 23.0 -53.0
t -135 30 399 1 -33.0 56.0
t -67 54 399 1 7.0 -73.0
t -246 58 251 1 -25.0 11.0
t -247 106 400 1 42.0 -18.0
t -277 66 400 1 -23.0 7.0
t -311 84 245 1 -17.0 17.0
t -310 114 397 1 33.0 -8.0
t -329 86 397 1 -8.0 15.0
