t -303 247 200 1
t -213 251 200 1
t -154 298 200 1
t -74 299 200 1
t -37 238 200 1
t -72 163 200 1
t -163 162 200 1
t -200 223 200 1
t -147 274 200 1
t -91 278 200 1
t -68 219 200 1
t -117 184 200 1
t -116 91 200 1
t -116 24 200 1
t -47 11 200 1
t -23 -69 200 1
t -74 -147 200 1
t -166 -149 200 1
t -240 -86 200 1
t -229 1 200 1
t -167 31 200 1
t -88 2 200 1
t -76 -89 200 1
t 90 -76 200 1
t 143 5 200 1
t 216 13 200 1
t 284 -44 200 1
t 275 -128 200 1
t 181 -181 200 1
t 105 -115 200 1
t 142 -43 200 1
t 192 -5 200 1
t 192 102 200 1
t 188 201 200 1
t 225 271 200 1
t 284 250 200 1
t 271 174 200 1
t 203 140 200 1
t 106 172 200 1
t 127 257 200 1
t 195 302 200 1
t 238 307 200 1
t 320 309 200 1
